 2.999999933E-002 2.020699978E-001
 3.500000015E-002 2.358500063E-001
 3.999999911E-002 2.696399987E-001
 4.500000179E-002 3.034237623E-001
 5.000000075E-002 3.371990621E-001
 5.499999970E-002 3.709588945E-001
 5.999999866E-002 4.046985507E-001
 6.499999762E-002 4.384147525E-001
 7.000000030E-002 4.721046388E-001
 7.500000298E-002 5.057662129E-001
 7.999999821E-002 5.393989086E-001
 8.500000089E-002 5.730028749E-001
 9.000000358E-002 6.065778136E-001
 9.499999881E-002 6.401233077E-001
 1.000000015E-001 6.736392975E-001
 1.049999967E-001 7.071260214E-001
 1.099999994E-001 7.405853271E-001
 1.150000021E-001 7.740197778E-001
 1.199999973E-001 8.074318767E-001
 1.250000000E-001 8.408253789E-001
 1.299999952E-001 8.742060661E-001
 1.350000054E-001 9.075812101E-001
 1.400000006E-001 9.409590364E-001
 1.449999958E-001 9.743544459E-001
 1.500000060E-001 1.007792711E+000
 1.550000012E-001 1.041304827E+000
 1.599999964E-001 1.074919939E+000
 1.650000066E-001 1.108663440E+000
 1.700000018E-001 1.142563701E+000
 1.749999970E-001 1.176659346E+000
 1.800000072E-001 1.211000443E+000
 1.850000024E-001 1.245644927E+000
 1.899999976E-001 1.280658960E+000
 1.949999928E-001 1.316114068E+000
 2.000000030E-001 1.352077723E+000
 2.049999982E-001 1.388608575E+000
 2.099999934E-001 1.425767541E+000
 2.150000036E-001 1.463632464E+000
 2.199999988E-001 1.502291799E+000
 2.249999940E-001 1.541826129E+000
 2.300000042E-001 1.582304716E+000
 2.349999994E-001 1.623800397E+000
 2.399999946E-001 1.666399121E+000
 2.450000048E-001 1.710192204E+000
 2.500000000E-001 1.755262136E+000
 2.549999952E-001 1.801678896E+000
 2.599999905E-001 1.849504709E+000
 2.649999857E-001 1.898793697E+000
 2.700000107E-001 1.949585319E+000
 2.750000060E-001 2.001916170E+000
 2.800000012E-001 2.055855751E+000
 2.849999964E-001 2.111502171E+000
 2.899999917E-001 2.168917179E+000
 2.949999869E-001 2.228086948E+000
 3.000000119E-001 2.288988113E+000
 3.050000072E-001 2.351680517E+000
 3.100000024E-001 2.416287899E+000
 3.149999976E-001 2.482856750E+000
 3.199999928E-001 2.551292896E+000
 3.249999881E-001 2.621483564E+000
 3.300000131E-001 2.693431854E+000
 3.350000083E-001 2.767198563E+000
 3.400000036E-001 2.842789412E+000
 3.449999988E-001 2.920190096E+000
 3.499999940E-001 2.999396324E+000
 3.549999893E-001 3.080370426E+000
 3.600000143E-001 3.163086176E+000
 3.650000095E-001 3.247537136E+000
 3.700000048E-001 3.333674669E+000
 3.750000000E-001 3.421456814E+000
 3.799999952E-001 3.510869980E+000
 3.849999905E-001 3.601854324E+000
 3.899999857E-001 3.694342375E+000
 3.950000107E-001 3.788186550E+000
 4.000000060E-001 3.883025408E+000
 4.050000012E-001 3.978718758E+000
 4.099999964E-001 4.075808048E+000
 4.149999917E-001 4.174893379E+000
 4.199999869E-001 4.275625706E+000
 4.250000119E-001 4.376955509E+000
 4.300000072E-001 4.478460789E+000
 4.350000024E-001 4.580810547E+000
 4.399999976E-001 4.684686661E+000
 4.449999928E-001 4.789983273E+000
 4.499999881E-001 4.896304131E+000
 4.550000131E-001 5.003279686E+000
 4.600000083E-001 5.110296249E+000
 4.650000036E-001 5.217104912E+000
 4.699999988E-001 5.324484348E+000
 4.749999940E-001 5.433211327E+000
 4.799999893E-001 5.542847633E+000
 4.850000143E-001 5.652323246E+000
 4.900000095E-001 5.761263371E+000
 4.950000048E-001 5.870466709E+000
 5.000000000E-001 5.980982780E+000
 5.049999952E-001 6.092758656E+000
 5.099999905E-001 6.205051899E+000
 5.149999857E-001 6.317631721E+000
 5.199999809E-001 6.430177212E+000
 5.249999762E-001 6.541976452E+000
 5.299999714E-001 6.653275967E+000
 5.350000262E-001 6.764734268E+000
 5.400000215E-001 6.875663757E+000
 5.450000167E-001 6.985418797E+000
 5.500000119E-001 7.095609665E+000
 5.550000072E-001 7.208575726E+000
 5.600000024E-001 7.324285984E+000
 5.649999976E-001 7.439980030E+000
 5.699999928E-001 7.552673340E+000
 5.749999881E-001 7.662044048E+000
 5.799999833E-001 7.770605087E+000
 5.849999785E-001 7.880534172E+000
 5.899999738E-001 7.991628170E+000
 5.950000286E-001 8.102937698E+000
 6.000000238E-001 8.214159012E+000
 6.050000191E-001 8.325184822E+000
 6.100000143E-001 8.436405182E+000
 6.150000095E-001 8.548574448E+000
 6.200000048E-001 8.660714149E+000
 6.250000000E-001 8.770506859E+000
 6.299999952E-001 8.878456116E+000
 6.349999905E-001 8.988206863E+000
 6.399999857E-001 9.100494385E+000
 6.449999809E-001 9.210889816E+000
 6.499999762E-001 9.316371918E+000
 6.549999714E-001 9.420174599E+000
 6.600000262E-001 9.527323723E+000
 6.650000215E-001 9.638439178E+000
 6.700000167E-001 9.749959946E+000
 6.750000119E-001 9.858741760E+000
 6.800000072E-001 9.964830399E+000
 6.850000024E-001 1.006975746E+001
 6.899999976E-001 1.017406654E+001
 6.949999928E-001 1.027792358E+001
 6.999999881E-001 1.038238049E+001
 7.049999833E-001 1.048900032E+001
 7.099999785E-001 1.059857845E+001
 7.149999738E-001 1.070874214E+001
 7.200000286E-001 1.081416512E+001
 7.250000238E-001 1.091322327E+001
 7.300000191E-001 1.101184750E+001
 7.350000143E-001 1.111604691E+001
 7.400000095E-001 1.122423363E+001
 7.450000048E-001 1.133090591E+001
 7.500000000E-001 1.143347645E+001
 7.549999952E-001 1.153284359E+001
 7.599999905E-001 1.163160896E+001
 7.649999857E-001 1.173291016E+001
 7.699999809E-001 1.183814430E+001
 7.749999762E-001 1.194591331E+001
 7.799999714E-001 1.205340195E+001
 7.850000262E-001 1.215763378E+001
 7.900000215E-001 1.225710201E+001
 7.950000167E-001 1.235394573E+001
 8.000000119E-001 1.245242214E+001
 8.050000072E-001 1.255381584E+001
 8.100000024E-001 1.265474987E+001
 8.149999976E-001 1.275179291E+001
 8.199999928E-001 1.284625435E+001
 8.249999881E-001 1.294262505E+001
 8.299999833E-001 1.304328918E+001
 8.349999785E-001 1.314680099E+001
 8.399999738E-001 1.324997234E+001
 8.450000286E-001 1.334967232E+001
 8.500000238E-001 1.344514084E+001
 8.550000191E-001 1.354004288E+001
 8.600000143E-001 1.363845348E+001
 8.650000095E-001 1.373878098E+001
 8.700000048E-001 1.383618736E+001
 8.750000000E-001 1.392956257E+001
 8.799999952E-001 1.402255440E+001
 8.849999905E-001 1.411889076E+001
 8.899999857E-001 1.421744442E+001
 8.949999809E-001 1.431310844E+001
 8.999999762E-001 1.440418243E+001
 9.049999714E-001 1.449505806E+001
 9.100000262E-001 1.458978176E+001
 9.150000215E-001 1.468786335E+001
 9.200000167E-001 1.478685951E+001
 9.250000119E-001 1.488436699E+001
 9.300000072E-001 1.497768307E+001
 9.350000024E-001 1.506635475E+001
 9.399999976E-001 1.515567875E+001
 9.449999928E-001 1.525182724E+001
 9.499999881E-001 1.535219479E+001
 9.549999833E-001 1.544773865E+001
 9.599999785E-001 1.553569508E+001
 9.649999738E-001 1.562198067E+001
 9.700000286E-001 1.571091843E+001
 9.750000238E-001 1.580064106E+001
 9.800000191E-001 1.588956261E+001
 9.850000143E-001 1.598013306E+001
 9.900000095E-001 1.607365608E+001
 9.950000048E-001 1.616796112E+001
 1.000000000E+000 1.626174164E+001
 1.004999995E+000 1.635407448E+001
 1.009999990E+000 1.644183540E+001
 1.014999986E+000 1.652574158E+001
 1.019999981E+000 1.661384392E+001
 1.024999976E+000 1.671126175E+001
 1.029999971E+000 1.681127357E+001
 1.034999967E+000 1.690310669E+001
 1.039999962E+000 1.698536873E+001
 1.044999957E+000 1.706567192E+001
 1.049999952E+000 1.714873505E+001
 1.054999948E+000 1.723134804E+001
 1.059999943E+000 1.731034279E+001
 1.065000057E+000 1.739066505E+001
 1.070000052E+000 1.748049927E+001
 1.075000048E+000 1.757963562E+001
 1.080000043E+000 1.767825699E+001
 1.085000038E+000 1.776720428E+001
 1.090000033E+000 1.784641838E+001
 1.095000029E+000 1.792482376E+001
 1.100000024E+000 1.801096916E+001
 1.105000019E+000 1.810229874E+001
 1.110000014E+000 1.818953705E+001
 1.115000010E+000 1.827121544E+001
 1.120000005E+000 1.835352707E+001
 1.125000000E+000 1.843865967E+001
 1.129999995E+000 1.852453995E+001
 1.134999990E+000 1.861048889E+001
 1.139999986E+000 1.869497299E+001
 1.144999981E+000 1.877544212E+001
 1.149999976E+000 1.885355949E+001
 1.154999971E+000 1.893377686E+001
 1.159999967E+000 1.901841736E+001
 1.164999962E+000 1.910756302E+001
 1.169999957E+000 1.919870377E+001
 1.174999952E+000 1.928580856E+001
 1.179999948E+000 1.936414146E+001
 1.184999943E+000 1.943544960E+001
 1.190000057E+000 1.950645065E+001
 1.195000052E+000 1.958389473E+001
 1.200000048E+000 1.966959381E+001
 1.205000043E+000 1.975884819E+001
 1.210000038E+000 1.984592628E+001
 1.215000033E+000 1.992956161E+001
 1.220000029E+000 2.001119232E+001
 1.225000024E+000 2.009071732E+001
 1.230000019E+000 2.016659164E+001
 1.235000014E+000 2.023989296E+001
 1.240000010E+000 2.031503296E+001
 1.245000005E+000 2.039379311E+001
 1.250000000E+000 2.047379684E+001
 1.254999995E+000 2.055507088E+001
 1.259999990E+000 2.063977814E+001
 1.264999986E+000 2.072486305E+001
 1.269999981E+000 2.080403137E+001
 1.274999976E+000 2.087715912E+001
 1.279999971E+000 2.095047760E+001
 1.284999967E+000 2.102719116E+001
 1.289999962E+000 2.110501480E+001
 1.294999957E+000 2.118264008E+001
 1.299999952E+000 2.126057053E+001
 1.304999948E+000 2.133801270E+001
 1.309999943E+000 2.141497231E+001
 1.315000057E+000 2.149223900E+001
 1.320000052E+000 2.156901550E+001
 1.325000048E+000 2.164533615E+001
 1.330000043E+000 2.172201920E+001
 1.335000038E+000 2.179826546E+001
 1.340000033E+000 2.187405014E+001
 1.345000029E+000 2.195012474E+001
 1.350000024E+000 2.202565193E+001
 1.355000019E+000 2.210066414E+001
 1.360000014E+000 2.217601776E+001
 1.365000010E+000 2.225093269E+001
 1.370000005E+000 2.232538605E+001
 1.375000000E+000 2.240015984E+001
 1.379999995E+000 2.247446060E+001
 1.384999990E+000 2.254832840E+001
 1.389999986E+000 2.262254715E+001
 1.394999981E+000 2.269624329E+001
 1.399999976E+000 2.276944160E+001
 1.404999971E+000 2.284304619E+001
 1.409999967E+000 2.291624641E+001
 1.414999962E+000 2.298897362E+001
 1.419999957E+000 2.306204605E+001
 1.424999952E+000 2.313498688E+001
 1.429999948E+000 2.320915985E+001
 1.434999943E+000 2.328695679E+001
 1.440000057E+000 2.336507797E+001
 1.445000052E+000 2.343697357E+001
 1.450000048E+000 2.350290298E+001
 1.455000043E+000 2.357081985E+001
 1.460000038E+000 2.364600754E+001
 1.465000033E+000 2.372494125E+001
 1.470000029E+000 2.380124664E+001
 1.475000024E+000 2.387210655E+001
 1.480000019E+000 2.393755531E+001
 1.485000014E+000 2.400043106E+001
 1.490000010E+000 2.406707382E+001
 1.495000005E+000 2.414128494E+001
 1.500000000E+000 2.421916008E+001
 1.504999995E+000 2.429463005E+001
 1.509999990E+000 2.436632156E+001
 1.514999986E+000 2.443618011E+001
 1.519999981E+000 2.450559807E+001
 1.524999976E+000 2.457490540E+001
 1.529999971E+000 2.464440155E+001
 1.534999967E+000 2.471446800E+001
 1.539999962E+000 2.478463936E+001
 1.544999957E+000 2.485360909E+001
 1.549999952E+000 2.492173004E+001
 1.554999948E+000 2.499238968E+001
 1.559999943E+000 2.506775284E+001
 1.565000057E+000 2.514344215E+001
 1.570000052E+000 2.521201706E+001
 1.575000048E+000 2.527339554E+001
 1.580000043E+000 2.533658218E+001
 1.585000038E+000 2.540791893E+001
 1.590000033E+000 2.548255157E+001
 1.595000029E+000 2.555207443E+001
 1.600000024E+000 2.561697578E+001
 1.605000019E+000 2.568444061E+001
 1.610000014E+000 2.575617218E+001
 1.615000010E+000 2.582730484E+001
 1.620000005E+000 2.589419174E+001
 1.625000000E+000 2.595699310E+001
 1.629999995E+000 2.602037811E+001
 1.634999990E+000 2.609087944E+001
 1.639999986E+000 2.616666794E+001
 1.644999981E+000 2.623824692E+001
 1.649999976E+000 2.630400658E+001
 1.654999971E+000 2.637228012E+001
 1.659999967E+000 2.644503021E+001
 1.664999962E+000 2.651255417E+001
 1.669999957E+000 2.656864738E+001
 1.674999952E+000 2.662238693E+001
 1.679999948E+000 2.668796349E+001
 1.684999943E+000 2.676672363E+001
 1.690000057E+000 2.684732246E+001
 1.695000052E+000 2.692086601E+001
 1.700000048E+000 2.698674202E+001
 1.705000043E+000 2.704626083E+001
 1.710000038E+000 2.710091782E+001
 1.715000033E+000 2.715678024E+001
 1.720000029E+000 2.722153091E+001
 1.725000024E+000 2.729516983E+001
 1.730000019E+000 2.737000847E+001
 1.735000014E+000 2.744028091E+001
 1.740000010E+000 2.750659943E+001
 1.745000005E+000 2.757274628E+001
 1.750000000E+000 2.764252853E+001
 1.754999995E+000 2.771660233E+001
 1.759999990E+000 2.778932571E+001
 1.764999986E+000 2.785316086E+001
 1.769999981E+000 2.790813255E+001
 1.774999976E+000 2.796181107E+001
 1.779999971E+000 2.802017593E+001
 1.784999967E+000 2.808464813E+001
 1.789999962E+000 2.815640259E+001
 1.794999957E+000 2.823474121E+001
 1.799999952E+000 2.831124496E+001
 1.804999948E+000 2.837603760E+001
 1.809999943E+000 2.843170166E+001
 1.815000057E+000 2.848983955E+001
 1.820000052E+000 2.855353546E+001
 1.825000048E+000 2.861660385E+001
 1.830000043E+000 2.867899132E+001
 1.835000038E+000 2.874695969E+001
 1.840000033E+000 2.881864548E+001
 1.845000029E+000 2.888539505E+001
 1.850000024E+000 2.894703102E+001
 1.855000019E+000 2.901153183E+001
 1.860000014E+000 2.908049583E+001
 1.865000010E+000 2.914636230E+001
 1.870000005E+000 2.920453453E+001
 1.875000000E+000 2.926079178E+001
 1.879999995E+000 2.932364845E+001
 1.884999990E+000 2.939368820E+001
 1.889999986E+000 2.946521378E+001
 1.894999981E+000 2.953504944E+001
 1.899999976E+000 2.960319901E+001
 1.904999971E+000 2.966722488E+001
 1.909999967E+000 2.972455406E+001
 1.914999962E+000 2.977995682E+001
 1.919999957E+000 2.984173584E+001
 1.924999952E+000 2.990999222E+001
 1.929999948E+000 2.997733498E+001
 1.934999943E+000 3.004054260E+001
 1.940000057E+000 3.010229301E+001
 1.945000052E+000 3.016408157E+001
 1.950000048E+000 3.022704315E+001
 1.955000043E+000 3.029377747E+001
 1.960000038E+000 3.036149216E+001
 1.965000033E+000 3.042295456E+001
 1.970000029E+000 3.047930527E+001
 1.975000024E+000 3.054061890E+001
 1.980000019E+000 3.061068916E+001
 1.985000014E+000 3.068107986E+001
 1.990000010E+000 3.074196434E+001
 1.995000005E+000 3.079340553E+001
 2.000000000E+000 3.084541321E+001
 2.005000114E+000 3.090750504E+001
 2.009999990E+000 3.097855759E+001
 2.015000105E+000 3.104985619E+001
 2.019999981E+000 3.111599922E+001
 2.025000095E+000 3.117797661E+001
 2.029999971E+000 3.123820686E+001
 2.035000086E+000 3.129840279E+001
 2.039999962E+000 3.136172676E+001
 2.045000076E+000 3.143106651E+001
 2.049999952E+000 3.150242043E+001
 2.055000067E+000 3.156628227E+001
 2.059999943E+000 3.161981201E+001
 2.065000057E+000 3.167168808E+001
 2.069999933E+000 3.173186302E+001
 2.075000048E+000 3.180070114E+001
 2.079999924E+000 3.186911392E+001
 2.085000038E+000 3.192931747E+001
 2.089999914E+000 3.198479652E+001
 2.095000029E+000 3.204481125E+001
 2.099999905E+000 3.211047745E+001
 2.105000019E+000 3.217523956E+001
 2.109999895E+000 3.223646164E+001
 2.115000010E+000 3.229647064E+001
 2.119999886E+000 3.235638428E+001
 2.125000000E+000 3.241749191E+001
 2.130000114E+000 3.248210526E+001
 2.134999990E+000 3.254822540E+001
 2.140000105E+000 3.261091995E+001
 2.144999981E+000 3.267004013E+001
 2.150000095E+000 3.272951889E+001
 2.154999971E+000 3.279015732E+001
 2.160000086E+000 3.284948349E+001
 2.164999962E+000 3.290771484E+001
 2.170000076E+000 3.296861267E+001
 2.174999952E+000 3.303374481E+001
 2.180000067E+000 3.309913254E+001
 2.184999943E+000 3.316000366E+001
 2.190000057E+000 3.321827316E+001
 2.194999933E+000 3.328018188E+001
 2.200000048E+000 3.334566879E+001
 2.204999924E+000 3.340823746E+001
 2.210000038E+000 3.346672821E+001
 2.214999914E+000 3.352698898E+001
 2.220000029E+000 3.359042358E+001
 2.224999905E+000 3.365028000E+001
 2.230000019E+000 3.370228577E+001
 2.234999895E+000 3.375275803E+001
 2.240000010E+000 3.381143951E+001
 2.244999886E+000 3.387915039E+001
 2.250000000E+000 3.394808960E+001
 2.255000114E+000 3.401235580E+001
 2.259999990E+000 3.407241440E+001
 2.265000105E+000 3.413086319E+001
 2.269999981E+000 3.418899918E+001
 2.275000095E+000 3.424713898E+001
 2.279999971E+000 3.430556488E+001
 2.285000086E+000 3.436546326E+001
 2.289999962E+000 3.442913437E+001
 2.295000076E+000 3.449688339E+001
 2.299999952E+000 3.456322479E+001
 2.305000067E+000 3.462108994E+001
 2.309999943E+000 3.467139435E+001
 2.315000057E+000 3.472309494E+001
 2.319999933E+000 3.478206253E+001
 2.325000048E+000 3.484540176E+001
 2.329999924E+000 3.490817642E+001
 2.335000038E+000 3.496966553E+001
 2.339999914E+000 3.503001785E+001
 2.345000029E+000 3.508747482E+001
 2.349999905E+000 3.514223099E+001
 2.355000019E+000 3.519728851E+001
 2.359999895E+000 3.525483322E+001
 2.365000010E+000 3.531539536E+001
 2.369999886E+000 3.537780762E+001
 2.375000000E+000 3.543917847E+001
 2.380000114E+000 3.549871063E+001
 2.384999990E+000 3.555902100E+001
 2.390000105E+000 3.562071609E+001
 2.394999981E+000 3.568033600E+001
 2.400000095E+000 3.573602295E+001
 2.404999971E+000 3.579053497E+001
 2.410000086E+000 3.584732437E+001
 2.414999962E+000 3.590653229E+001
 2.420000076E+000 3.596570206E+001
 2.424999952E+000 3.602382278E+001
 2.430000067E+000 3.608249283E+001
 2.434999943E+000 3.614150620E+001
 2.440000057E+000 3.619815826E+001
 2.444999933E+000 3.625334167E+001
 2.450000048E+000 3.631161499E+001
 2.454999924E+000 3.637379074E+001
 2.460000038E+000 3.643587112E+001
 2.464999914E+000 3.649502563E+001
 2.470000029E+000 3.655175781E+001
 2.474999905E+000 3.660687637E+001
 2.480000019E+000 3.666023254E+001
 2.484999895E+000 3.671332550E+001
 2.490000010E+000 3.677016830E+001
 2.494999886E+000 3.683190918E+001
 2.500000000E+000 3.689348984E+001
 2.505000114E+000 3.695000076E+001
 2.509999990E+000 3.700283051E+001
 2.515000105E+000 3.705598450E+001
 2.519999981E+000 3.711082458E+001
 2.525000095E+000 3.716699219E+001
 2.529999971E+000 3.722500610E+001
 2.535000086E+000 3.728520584E+001
 2.539999962E+000 3.734527588E+001
 2.545000076E+000 3.740208054E+001
 2.549999952E+000 3.745631790E+001
 2.555000067E+000 3.751157761E+001
 2.559999943E+000 3.756857681E+001
 2.565000057E+000 3.762517929E+001
 2.569999933E+000 3.768104935E+001
 2.575000048E+000 3.773738861E+001
 2.579999924E+000 3.779371262E+001
 2.585000038E+000 3.784853363E+001
 2.589999914E+000 3.790190506E+001
 2.595000029E+000 3.795594025E+001
 2.599999905E+000 3.801274490E+001
 2.605000019E+000 3.807180786E+001
 2.609999895E+000 3.813006973E+001
 2.615000010E+000 3.818500137E+001
 2.619999886E+000 3.823727417E+001
 2.625000000E+000 3.829002762E+001
 2.630000114E+000 3.834513092E+001
 2.634999990E+000 3.840114975E+001
 2.640000105E+000 3.845579147E+001
 2.644999981E+000 3.850946808E+001
 2.650000095E+000 3.856442642E+001
 2.654999971E+000 3.862063599E+001
 2.660000086E+000 3.867571640E+001
 2.664999962E+000 3.872918320E+001
 2.670000076E+000 3.878315353E+001
 2.674999952E+000 3.883858871E+001
 2.680000067E+000 3.889407349E+001
 2.684999943E+000 3.894797897E+001
 2.690000057E+000 3.899973679E+001
 2.694999933E+000 3.904989243E+001
 2.700000048E+000 3.910048294E+001
 2.704999924E+000 3.915378189E+001
 2.710000038E+000 3.920994568E+001
 2.714999914E+000 3.926725006E+001
 2.720000029E+000 3.932410431E+001
 2.724999905E+000 3.937924194E+001
 2.730000019E+000 3.943161774E+001
 2.734999895E+000 3.948173904E+001
 2.740000010E+000 3.953166962E+001
 2.744999886E+000 3.958295441E+001
 2.750000000E+000 3.963574982E+001
 2.755000114E+000 3.968940353E+001
 2.759999990E+000 3.974286270E+001
 2.765000105E+000 3.979533386E+001
 2.769999981E+000 3.984724045E+001
 2.775000095E+000 3.989958954E+001
 2.779999971E+000 3.995223236E+001
 2.785000086E+000 4.000421524E+001
 2.789999962E+000 4.005543137E+001
 2.795000076E+000 4.010660553E+001
 2.799999952E+000 4.015815353E+001
 2.805000067E+000 4.021001434E+001
 2.809999943E+000 4.026194763E+001
 2.815000057E+000 4.031357956E+001
 2.819999933E+000 4.036477661E+001
 2.825000048E+000 4.041581726E+001
 2.829999924E+000 4.046686554E+001
 2.835000038E+000 4.051779556E+001
 2.839999914E+000 4.056850815E+001
 2.845000029E+000 4.061904526E+001
 2.849999905E+000 4.066944122E+001
 2.855000019E+000 4.071974182E+001
 2.859999895E+000 4.076999664E+001
 2.865000010E+000 4.082022858E+001
 2.869999886E+000 4.087043762E+001
 2.875000000E+000 4.092061615E+001
 2.880000114E+000 4.097063828E+001
 2.884999990E+000 4.102028275E+001
 2.890000105E+000 4.106953049E+001
 2.894999981E+000 4.111874771E+001
 2.900000095E+000 4.116840363E+001
 2.904999971E+000 4.121853638E+001
 2.910000086E+000 4.126856613E+001
 2.914999962E+000 4.131778336E+001
 2.920000076E+000 4.136613464E+001
 2.924999952E+000 4.141419601E+001
 2.930000067E+000 4.146250153E+001
 2.934999943E+000 4.151112366E+001
 2.940000057E+000 4.155989075E+001
 2.944999933E+000 4.160858154E+001
 2.950000048E+000 4.165695190E+001
 2.954999924E+000 4.170459747E+001
 2.960000038E+000 4.175133896E+001
 2.964999914E+000 4.179795456E+001
 2.970000029E+000 4.184578705E+001
 2.974999905E+000 4.189496231E+001
 2.980000019E+000 4.194379044E+001
 2.984999895E+000 4.199084473E+001
 2.990000010E+000 4.203697586E+001
 2.994999886E+000 4.208399200E+001
 3.000000000E+000 4.213177490E+001
 3.005000114E+000 4.217863464E+001
 3.009999990E+000 4.222447968E+001
 3.015000105E+000 4.227081299E+001
 3.019999981E+000 4.231764603E+001
 3.025000095E+000 4.236362839E+001
 3.029999971E+000 4.240886688E+001
 3.035000086E+000 4.245472336E+001
 3.039999962E+000 4.250130463E+001
 3.045000076E+000 4.254760742E+001
 3.049999952E+000 4.259356308E+001
 3.055000067E+000 4.263999557E+001
 3.059999943E+000 4.268669891E+001
 3.065000057E+000 4.273223877E+001
 3.069999933E+000 4.277600479E+001
 3.075000048E+000 4.281950760E+001
 3.079999924E+000 4.286462402E+001
 3.085000038E+000 4.291090012E+001
 3.089999914E+000 4.295624924E+001
 3.095000029E+000 4.300011444E+001
 3.099999905E+000 4.304339600E+001
 3.105000019E+000 4.308657837E+001
 3.109999895E+000 4.313074875E+001
 3.115000010E+000 4.317743301E+001
 3.119999886E+000 4.322495270E+001
 3.125000000E+000 4.326908493E+001
 3.130000114E+000 4.330889511E+001
 3.134999990E+000 4.334786606E+001
 3.140000105E+000 4.338897705E+001
 3.144999981E+000 4.343210983E+001
 3.150000095E+000 4.347600174E+001
 3.154999971E+000 4.351999664E+001
 3.160000086E+000 4.356396484E+001
 3.164999962E+000 4.360785294E+001
 3.170000076E+000 4.365159988E+001
 3.174999952E+000 4.369518280E+001
 3.180000067E+000 4.373863602E+001
 3.184999943E+000 4.378199768E+001
 3.190000057E+000 4.382518005E+001
 3.194999933E+000 4.386728668E+001
 3.200000048E+000 4.390644455E+001
 3.204999924E+000 4.394223785E+001
 3.210000038E+000 4.397857285E+001
 3.214999914E+000 4.402029037E+001
 3.220000029E+000 4.406626511E+001
 3.224999905E+000 4.411077499E+001
 3.230000019E+000 4.415160370E+001
 3.234999895E+000 4.419079971E+001
 3.240000010E+000 4.422959137E+001
 3.244999886E+000 4.426877594E+001
 3.250000000E+000 4.431014633E+001
 3.255000114E+000 4.435282135E+001
 3.259999990E+000 4.439313507E+001
 3.265000105E+000 4.443080521E+001
 3.269999981E+000 4.447005463E+001
 3.275000095E+000 4.451255798E+001
 3.279999971E+000 4.455362701E+001
 3.285000086E+000 4.458938217E+001
 3.289999962E+000 4.462401962E+001
 3.295000076E+000 4.466389847E+001
 3.299999952E+000 4.470794296E+001
 3.305000067E+000 4.475046921E+001
 3.309999943E+000 4.478927231E+001
 3.315000057E+000 4.482575226E+001
 3.319999933E+000 4.486157990E+001
 3.325000048E+000 4.489843369E+001
 3.329999924E+000 4.493644333E+001
 3.335000038E+000 4.497333527E+001
 3.339999914E+000 4.500953674E+001
 3.345000029E+000 4.504870987E+001
 3.349999905E+000 4.508960724E+001
 3.355000019E+000 4.512595749E+001
 3.359999895E+000 4.515663528E+001
 3.365000010E+000 4.518811417E+001
 3.369999886E+000 4.522669220E+001
 3.375000000E+000 4.527257919E+001
 3.380000114E+000 4.531929779E+001
 3.384999990E+000 4.535876846E+001
 3.390000105E+000 4.538965988E+001
 3.394999981E+000 4.541834641E+001
 3.400000095E+000 4.545055771E+001
 3.404999971E+000 4.548643875E+001
 3.410000086E+000 4.552374268E+001
 3.414999962E+000 4.556096268E+001
 3.420000076E+000 4.559643173E+001
 3.424999952E+000 4.562747574E+001
 3.430000067E+000 4.565415192E+001
 3.434999943E+000 4.568283844E+001
 3.440000057E+000 4.572082520E+001
 3.444999933E+000 4.576683426E+001
 3.450000048E+000 4.581184006E+001
 3.454999924E+000 4.584828568E+001
 3.460000038E+000 4.587603378E+001
 3.464999914E+000 4.590237045E+001
 3.470000029E+000 4.593518066E+001
 3.474999905E+000 4.597317886E+001
 3.480000019E+000 4.600864029E+001
 3.484999895E+000 4.604010391E+001
 3.490000010E+000 4.607215500E+001
 3.494999886E+000 4.610508728E+001
 3.500000000E+000 4.613618469E+001
 3.505000114E+000 4.616714478E+001
 3.509999990E+000 4.620204544E+001
 3.515000105E+000 4.624065018E+001
 3.519999981E+000 4.627724838E+001
 3.525000095E+000 4.630727005E+001
 3.529999971E+000 4.633402634E+001
 3.535000086E+000 4.636431885E+001
 3.539999962E+000 4.639838028E+001
 3.545000076E+000 4.643011475E+001
 3.549999952E+000 4.645647049E+001
 3.555000067E+000 4.648221970E+001
 3.559999943E+000 4.651363373E+001
 3.565000057E+000 4.654927063E+001
 3.569999933E+000 4.658220673E+001
 3.575000048E+000 4.661087418E+001
 3.579999924E+000 4.663986588E+001
 3.585000038E+000 4.667268753E+001
 3.589999914E+000 4.670926285E+001
 3.595000029E+000 4.674499512E+001
 3.599999905E+000 4.677335358E+001
 3.605000019E+000 4.679620361E+001
 3.609999895E+000 4.682308578E+001
 3.615000010E+000 4.685554886E+001
 3.619999886E+000 4.688475800E+001
 3.625000000E+000 4.690677643E+001
 3.630000114E+000 4.692758179E+001
 3.634999990E+000 4.695285034E+001
 3.640000105E+000 4.698218536E+001
 3.644999981E+000 4.701299286E+001
 3.650000095E+000 4.704396439E+001
 3.654999971E+000 4.707485199E+001
 3.660000086E+000 4.710560226E+001
 3.664999962E+000 4.713621521E+001
 3.670000076E+000 4.716674423E+001
 3.674999952E+000 4.719721603E+001
 3.680000067E+000 4.722760391E+001
 3.684999943E+000 4.725785065E+001
 3.690000057E+000 4.728796005E+001
 3.694999933E+000 4.731796265E+001
 3.700000048E+000 4.734760284E+001
 3.704999924E+000 4.737534332E+001
 3.710000038E+000 4.739814758E+001
 3.714999914E+000 4.741549301E+001
 3.720000029E+000 4.743378067E+001
 3.724999905E+000 4.745984650E+001
 3.730000019E+000 4.748914719E+001
 3.734999895E+000 4.751148987E+001
 3.740000010E+000 4.752876282E+001
 3.744999886E+000 4.755225372E+001
 3.750000000E+000 4.758427048E+001
 3.755000114E+000 4.761717606E+001
 3.759999990E+000 4.764532471E+001
 3.765000105E+000 4.766826630E+001
 3.769999981E+000 4.769032288E+001
 3.775000095E+000 4.771756744E+001
 3.779999971E+000 4.774801254E+001
 3.785000086E+000 4.777250671E+001
 3.789999962E+000 4.778901672E+001
 3.795000076E+000 4.780591965E+001
 3.799999952E+000 4.782999039E+001
 3.805000067E+000 4.785852814E+001
 3.809999943E+000 4.788514709E+001
 3.815000057E+000 4.790951157E+001
 3.819999933E+000 4.793576431E+001
 3.825000048E+000 4.796237946E+001
 3.829999924E+000 4.798262787E+001
 3.835000038E+000 4.799697495E+001
 3.839999914E+000 4.801404190E+001
 3.845000029E+000 4.803711319E+001
 3.849999905E+000 4.806200790E+001
 3.855000019E+000 4.808705521E+001
 3.859999895E+000 4.811274338E+001
 3.865000010E+000 4.813778305E+001
 3.869999886E+000 4.816212463E+001
 3.875000000E+000 4.818400955E+001
 3.880000114E+000 4.819786072E+001
 3.884999990E+000 4.820642471E+001
 3.890000105E+000 4.822421646E+001
 3.894999981E+000 4.825807953E+001
 3.900000095E+000 4.829456711E+001
 3.904999971E+000 4.831615829E+001
 3.910000086E+000 4.832292938E+001
 3.914999962E+000 4.832889175E+001
 3.920000076E+000 4.834310532E+001
 3.924999952E+000 4.836390686E+001
 3.930000067E+000 4.838685226E+001
 3.934999943E+000 4.840993118E+001
 3.940000057E+000 4.843284988E+001
 3.944999933E+000 4.845560455E+001
 3.950000048E+000 4.847821808E+001
 3.954999924E+000 4.850074387E+001
 3.960000038E+000 4.852324677E+001
 3.964999914E+000 4.854571533E+001
 3.970000029E+000 4.856810379E+001
 3.974999905E+000 4.859034729E+001
 3.980000019E+000 4.861243439E+001
 3.984999895E+000 4.863404846E+001
 3.990000010E+000 4.865305328E+001
 3.994999886E+000 4.866460037E+001
 4.000000000E+000 4.866678619E+001
 4.005000114E+000 4.866939545E+001
 4.010000229E+000 4.868789673E+001
 4.014999866E+000 4.872257614E+001
 4.019999981E+000 4.875408554E+001
 4.025000095E+000 4.876731110E+001
 4.030000210E+000 4.876985168E+001
 4.034999847E+000 4.877805328E+001
 4.039999962E+000 4.879498291E+001
 4.045000076E+000 4.881430817E+001
 4.050000191E+000 4.883415222E+001
 4.054999828E+000 4.885448074E+001
 4.059999943E+000 4.887381744E+001
 4.065000057E+000 4.889278412E+001
 4.070000172E+000 4.890917587E+001
 4.074999809E+000 4.891773224E+001
 4.079999924E+000 4.892254257E+001
 4.085000038E+000 4.893487930E+001
 4.090000153E+000 4.895798874E+001
 4.094999790E+000 4.898672485E+001
 4.099999905E+000 4.901388550E+001
 4.105000019E+000 4.902907562E+001
 4.110000134E+000 4.902734756E+001
 4.114999771E+000 4.902258301E+001
 4.119999886E+000 4.903455353E+001
 4.125000000E+000 4.906422424E+001
 4.130000114E+000 4.909507370E+001
 4.135000229E+000 4.911282730E+001
 4.139999866E+000 4.911704636E+001
 4.144999981E+000 4.911986542E+001
 4.150000095E+000 4.913347626E+001
 4.155000210E+000 4.915502548E+001
 4.159999847E+000 4.917164612E+001
 4.164999962E+000 4.917992783E+001
 4.170000076E+000 4.918549728E+001
 4.175000191E+000 4.919120407E+001
 4.179999828E+000 4.920256424E+001
 4.184999943E+000 4.922774887E+001
 4.190000057E+000 4.925838852E+001
 4.195000172E+000 4.927451324E+001
 4.199999809E+000 4.927619934E+001
 4.204999924E+000 4.928294754E+001
 4.210000038E+000 4.929952621E+001
 4.215000153E+000 4.931053162E+001
 4.219999790E+000 4.930884933E+001
 4.224999905E+000 4.930513000E+001
 4.230000019E+000 4.930950928E+001
 4.235000134E+000 4.932185745E+001
 4.239999771E+000 4.934109497E+001
 4.244999886E+000 4.937221909E+001
 4.250000000E+000 4.941618347E+001
 4.255000114E+000 4.945658112E+001
 4.260000229E+000 4.947132492E+001
 4.264999866E+000 4.946025848E+001
 4.269999981E+000 4.944471359E+001
 4.275000095E+000 4.943751144E+001
 4.280000210E+000 4.942989731E+001
 4.284999847E+000 4.941317368E+001
 4.289999962E+000 4.940048599E+001
 4.295000076E+000 4.941382980E+001
 4.300000191E+000 4.945338821E+001
 4.304999828E+000 4.949674988E+001
 4.309999943E+000 4.952655411E+001
 4.315000057E+000 4.954138947E+001
 4.320000172E+000 4.954360199E+001
 4.324999809E+000 4.953608704E+001
 4.329999924E+000 4.953099060E+001
 4.335000038E+000 4.954306412E+001
 4.340000153E+000 4.956850052E+001
 4.344999790E+000 4.958414841E+001
 4.349999905E+000 4.957704926E+001
 4.355000019E+000 4.956503296E+001
 4.360000134E+000 4.957404327E+001
 4.364999771E+000 4.960152054E+001
 4.369999886E+000 4.962298584E+001
 4.375000000E+000 4.962865829E+001
 4.380000114E+000 4.962760925E+001
 4.385000229E+000 4.962588120E+001
 4.389999866E+000 4.962687302E+001
 4.394999981E+000 4.963734436E+001
 4.400000095E+000 4.965328217E+001
 4.405000210E+000 4.965992355E+001
 4.409999847E+000 4.965610123E+001
 4.414999962E+000 4.965908051E+001
 4.420000076E+000 4.967903900E+001
 4.425000191E+000 4.970297241E+001
 4.429999828E+000 4.971166611E+001
 4.434999943E+000 4.970436478E+001
 4.440000057E+000 4.969736862E+001
 4.445000172E+000 4.970255280E+001
 4.449999809E+000 4.971541595E+001
 4.454999924E+000 4.972452545E+001
 4.460000038E+000 4.972565842E+001
 4.465000153E+000 4.972145844E+001
 4.469999790E+000 4.971652222E+001
 4.474999905E+000 4.972025299E+001
 4.480000019E+000 4.973974228E+001
 4.485000134E+000 4.976380920E+001
 4.489999771E+000 4.977254105E+001
 4.494999886E+000 4.976544189E+001
 4.500000000E+000 4.976011658E+001
 4.505000114E+000 4.976432037E+001
 4.510000229E+000 4.977173615E+001
 4.514999866E+000 4.977954102E+001
 4.519999981E+000 4.978842545E+001
 4.525000095E+000 4.979625702E+001
 4.530000210E+000 4.980306244E+001
 4.534999847E+000 4.980609512E+001
 4.539999962E+000 4.979637146E+001
 4.545000076E+000 4.977824402E+001
 4.550000191E+000 4.977497101E+001
 4.554999828E+000 4.979749680E+001
 4.559999943E+000 4.982428360E+001
 4.565000057E+000 4.982809067E+001
 4.570000172E+000 4.981327057E+001
 4.574999809E+000 4.980986404E+001
 4.579999924E+000 4.983211517E+001
 4.585000038E+000 4.985869598E+001
 4.590000153E+000 4.986128235E+001
 4.594999790E+000 4.984005737E+001
 4.599999905E+000 4.981764984E+001
 4.605000019E+000 4.980867004E+001
 4.610000134E+000 4.981045914E+001
 4.614999771E+000 4.981585312E+001
 4.619999886E+000 4.982159805E+001
 4.625000000E+000 4.982717896E+001
 4.630000114E+000 4.983260345E+001
 4.635000229E+000 4.983788681E+001
 4.639999866E+000 4.984310913E+001
 4.644999981E+000 4.984835434E+001
 4.650000095E+000 4.985360336E+001
 4.655000210E+000 4.985871124E+001
 4.659999847E+000 4.986360168E+001
 4.664999962E+000 4.986835480E+001
 4.670000076E+000 4.987258911E+001
 4.675000191E+000 4.987294769E+001
 4.679999828E+000 4.986180496E+001
 4.684999943E+000 4.983621216E+001
 4.690000057E+000 4.981148148E+001
 4.695000172E+000 4.981206894E+001
 4.699999809E+000 4.984087753E+001
 4.704999924E+000 4.987111664E+001
 4.710000038E+000 4.987487793E+001
 4.715000153E+000 4.985208511E+001
 4.719999790E+000 4.983072662E+001
 4.724999905E+000 4.983709717E+001
 4.730000019E+000 4.986393356E+001
 4.735000134E+000 4.987832260E+001
 4.739999771E+000 4.986407089E+001
 4.744999886E+000 4.983956909E+001
 4.750000000E+000 4.982703018E+001
 4.755000114E+000 4.982574463E+001
 4.760000229E+000 4.982707596E+001
 4.764999866E+000 4.982998657E+001
 4.769999981E+000 4.983304596E+001
 4.775000095E+000 4.983459854E+001
 4.780000210E+000 4.983710480E+001
 4.784999847E+000 4.983978271E+001
 4.789999962E+000 4.984107971E+001
 4.795000076E+000 4.984291840E+001
 4.800000191E+000 4.984170914E+001
 4.804999828E+000 4.983247375E+001
 4.809999943E+000 4.982255554E+001
 4.815000057E+000 4.982429504E+001
 4.820000172E+000 4.983692551E+001
 4.824999809E+000 4.984394836E+001
 4.829999924E+000 4.983234787E+001
 4.835000038E+000 4.981172180E+001
 4.840000153E+000 4.980139923E+001
 4.844999790E+000 4.980284882E+001
 4.849999905E+000 4.980313492E+001
 4.855000019E+000 4.979896545E+001
 4.860000134E+000 4.979581833E+001
 4.864999771E+000 4.978939438E+001
 4.869999886E+000 4.977210236E+001
 4.875000000E+000 4.975466919E+001
 4.880000114E+000 4.975629044E+001
 4.885000229E+000 4.977420044E+001
 4.889999866E+000 4.978385162E+001
 4.894999981E+000 4.977193451E+001
 4.900000095E+000 4.975487518E+001
 4.905000210E+000 4.975623703E+001
 4.909999847E+000 4.977402878E+001
 4.914999962E+000 4.978342056E+001
 4.920000076E+000 4.977008438E+001
 4.925000191E+000 4.974539948E+001
 4.929999828E+000 4.972365570E+001
 4.934999943E+000 4.970574570E+001
 4.940000057E+000 4.969697952E+001
 4.945000172E+000 4.970898438E+001
 4.949999809E+000 4.972934341E+001
 4.954999924E+000 4.972824097E+001
 4.960000038E+000 4.970564651E+001
 4.965000153E+000 4.969050598E+001
 4.969999790E+000 4.968998718E+001
 4.974999905E+000 4.968221664E+001
 4.980000019E+000 4.966202545E+001
 4.985000134E+000 4.965586853E+001
 4.989999771E+000 4.968052673E+001
 4.994999886E+000 4.971100235E+001
 5.000000000E+000 4.970835876E+001
 5.005000114E+000 4.966897583E+001
 5.010000229E+000 4.962407303E+001
 5.014999866E+000 4.959761047E+001
 5.019999981E+000 4.958700180E+001
